75052
11206
11229
75243
11215
10019
48180
11373
75228
11223
11211
11218
32822
75150
11208
60660
93535
33313
11225
89052
11213
75206
75002
75211
92376
11216
60608
89103
60402
10473
33458
89119
75149
11434
11224
75034
75115
53511
89147
60639
75040
30236
75023
75080
90020
75035
33442
27107
75098
75006
75063
30605
75214
32808
10036
29150
75248
93304
60477
75074
60609
40299
49120
60707
75019
75044
37643
28625
11205
27127
40272
11217
53703
96753
89104
31904
11231
95307
90292
75081
92308
49855
11102
89032
75071
85037
75154
95380
75069
33130
92264
34684
34683
50701
92570
33764
95116
89012
33055
49022
48174
89107
93458
85014
95122
11104
45750
92612
89149
93638
55033
89002
49015
10017
17815
44663
76182
93305
89135
25177
55419
75224
55403
49085
90012
34116
36109
60018
60452
11413
33706
75234
31906
76110
76020
93552
75041
76201
32177
34677
36542
40203
33909
75089
89512
11412
76106
75205
89169
45638
33054
11421
33936
33013
60706
75119
44104
30021
33761
27549
33774
85132
21202
11433
36108
75088
11418
33716
34266
48458
19122
89011
89801
23704
33759
75181
92694
60130
25302
13662
49058
11422
85019
49090
34685
11232
94108
15025
62966
18013
75048
74401
93103
48201
76111
18302
33572
71801
13669
96130
29624
75094
28387
71601
95490
11692
76115
29153
18407
18040
32351
75169
40210
95110
93268
32976
74429
76104
85546
29902
25309
11411
12839
22553
96778
10470
16046
95203
85128
60458
63051
36617
30110
49230
30276
25311
81650
28650
25064
76103
18055
20613
10044
89166
29161
28721
53965
49103
49127
89815
18014
44471
93212
11436
29510
11416
49007
38558
34461
48166
22960
29702
74426
38068
28469
43203
90014
60475
72086
25143
60171
74010
33972
12828
93640
28610
85305
73025
89143
14208
28445
43076
96708
29829
13036
31901
21032
96790
18088
28785
44307
44405
35051
95694
27377
33841
16438
16059
37033
29851
29655
33128
73446
75210
32626
97523
63016
49083
36522
32095
96712
95832
49117
12946
76177
97707
27313
13142
60195
92342
29842
96795
92250
49053
73052
12832
37916
14706
95470
12834
32189
55808
21817
94158
44681
18091
15552
48120
62230
37687
81635
28609
37742
12542
75454
73165
30183
29805
48849
28394
33194
52040
72422
44672
32352
44612
74029
53523
95223
29591
37658
12919
49013
30739
12887
93430
96064
29544
35971
74436
32577
95457
35186
28692
36521
28717
27809
27235
27864
32324
93270
93721
63019
32798
43762
98851
15323
96727
18240
43821
30527
45308
48892
12526
12827
15314
24637
32502
38315
42217
13795
12846
37891
44436
74039
35133
85356
80542
49267
49328
21919
97341
37882
56057
53038
17846
38057
49012
97368
28032
92536
15697
55779
96725
55802
36560
48145
29080
63048
93066
28790
48191
12809
74455
13461
13667
30259
24527
73047
95627
29125
13354
29450
96114
98857
13471
29809
35172
96785
95465
95669
96025
52253
85173
94511
27852
96035
29429
30731
27939
92823
28020
12547
17045
32181
14731
95690
97544
48417
48818
37902
22534
74469
21837
97495
28679
21531
98377
37149
38356
37145
18214
72039
42266
44086
20198
36525
17965
42452
27508
12740
13145
32625
33786
12523
50276
89439
50261
31512
15637
28660
48890
21557
22922
13304
21838
49406
34215
13034
96057
97110
97497
43045
92561
72718
48649
23840
44046
14005
44064
73173
85618
94973
49325
92321
63013
48861
17959
28531
36505
97376
36006
81022
12815
94937
52073
18211
62218
43413
99123
38391
21645
22733
24059
37141
33924
12824
21869
21856
92333
92305
98267
85220
10023
79936
10002
77084
10016
60647
10029
10011
79912
77449
94565
30349
60625
10024
75287
77036
60629
60619
77573
66062
60617
77077
30281
77429
10028
77379
78613
77494
77479
78240
60620
89108
60628
78660
78130
46227
77095
92335
43701
89117
60649
90011
46307
77057
94509
77082
76063
93550
60616
76244
76116
72401
55901
93307
29223
10031
77459
78245
85204
10014
79924
89110
73160
42101
73505
85008
76137
66061
94806
78249
30253
85301
48439
45424
42701
78228
47130
60637
46143
92553
78664
78209
99336
60643
78216
48228
77433
76051
77521
75025
77070
78550
84015
78230
77373
85201
78223
76133
77346
39401
77042
78520
46360
60411
78250
10010
78251
35758
76010
67212
35215
30032
39503
48235
70506
46226
77072
83709
23185
66502
48219
77063
78247
23434
19146
60804
77081
92404
38654
29229
79938
95206
76179
77015
46350
92324
60623
48858
60632
89122
78213
77007
89115
77040
79907
76017
49423
29210
78233
78045
23188
23803
24018
46032
73072
78201
24502
26505
76112
73071
31061
90003
78028
79424
94590
77099
48060
78258
83646
90037
77089
48227
34741
90057
13601
71111
92392
77088
77064
50613
83704
89148
78229
85202
78232
78227
46902
24153
76039
79925
94601
60062
11435
78207
77339
83686
77080
77004
46410
76542
24401
77539
22903
60025
27909
45342
79762
76021
18042
27530
46901
46140
87031
84041
60651
77090
83501
40356
76108
78254
77498
39564
77055
89014
29203
78586
78217
46203
46038
84010
17042
38671
60409
77060
64133
28376
10026
78046
76522
75060
77375
39047
77396
92395
77096
85033
60644
85051
70458
89101
72450
30458
83854
32811
95023
22901
48126
73401
70601
66212
10035
76904
46060
77035
85302
20110
71730
89030
39110
76119
68104
77065
78109
31602
77074
29209
31210
30228
76180
78041
70122
22801
60901
35401
40229
24112
66048
92505
22980
78526
85210
85035
30252
39532
30223
76013
83706
76706
78744
72143
60202
70433
48234
78218
77520
57103
75038
45417
47802
26508
83642
48640
85042
92410
79423
47304
46037
48507
29063
76006
93635
67203
40165
48642
92240
30238
48205
77006
79915
75904
83815
46544
77571
27534
71901
39042
99352
78006
76132
77338
93905
45458
77079
79416
60612
96080
42104
77477
75252
68134
65401
60652
90001
46142
67846
78541
77054
30274
77406
19966
95351
75605
46151
78212
77471
69101
46342
77034
68701
32824
77340
76903
79605
45459
46033
76248
24012
46201
79904
35810
73703
76543
19958
85009
75126
93702
83705
14424
45429
48212
48238
45420
66044
77351
46218
72601
60607
48446
78253
60714
35211
78040
67217
77469
28451
77598
46217
48867
46205
76053
78043
38834
68164
27889
90002
77489
92701
31601
43512
77056
17046
73533
60076
77536
39212
60438
85017
42431
76040
17202
47302
77502
46545
34759
29205
23860
67207
60621
30240
70454
77550
48204
76117
77630
17201
77590
79763
95210
46062
79761
76016
46947
77073
17268
75604
77041
39157
76049
78221
46241
78237
90221
56301
76014
76901
83605
68601
60636
77075
28146
77377
48203
46131
70663
79720
24501
57104
48504
77087
55021
66213
24019
84081
39452
18201
39209
64012
63118
35811
77044
44460
75110
48135
35803
70607
56303
48506
88203
66604
95205
78552
23834
76012
76048
78750
67801
77407
68801
47591
46530
46229
70403
48207
83702
68116
75218
75901
77014
70126
33032
47303
17257
30224
90017
83651
73069
68127
64138
39046
67601
35802
60077
75241
78239
30241
48503
68901
74017
30534
67037
70517
66215
77019
30012
10038
24701
99337
77532
68154
35020
67501
60445
60827
79606
43920
30296
39206
77530
77017
60426
60091
42718
68137
83713
11420
40508
76001
36067
46074
30533
45133
77067
33763
39350
38106
28681
45406
89142
83687
46322
77662
68144
46312
90059
23435
48214
72501
38637
46256
23607
35023
66102
77066
46375
75460
48223
67502
53545
66104
72104
88201
67218
77062
78602
77023
35805
76131
94603
40160
95501
29201
77022
78244
55902
79902
28144
78238
68106
78717
22902
77345
37821
28147
31024
76712
95503
66208
84037
24017
57105
31792
29020
84078
77071
19973
67216
39501
28570
75160
38632
40422
78570
77586
39443
46208
68107
48209
77058
77049
73507
94589
95358
35806
76123
68803
47250
30297
60466
68105
48213
64052
89106
47803
53206
76114
45440
76002
78211
46158
78023
40211
94801
77076
78260
64506
64050
60459
77045
45414
75455
95341
95354
78242
75662
67213
75020
68111
46052
83607
48505
66216
64130
83714
92301
76092
74701
63115
77478
48210
77504
66204
77551
85040
99354
78148
77320
44113
64134
17078
39465
46041
23805
11419
46805
39213
68135
60053
76308
30260
92394
92405
60803
45322
83616
95815
60406
85303
29045
76541
67114
79603
30233
94621
13850
33993
77043
76018
24740
47129
76034
78259
45449
15801
77047
89156
50702
71701
39531
43812
66203
47240
70460
77053
22485
30248
77389
38863
39507
28461
14845
63111
66106
46324
79413
83647
36360
43078
36869
73521
87002
45405
67211
70785
60443
35674
35404
66223
76148
35749
49431
70401
66046
40351
46323
61364
76126
47546
79602
95521
77503
24179
66210
76036
78133
46806
68114
66202
41102
76134
71055
46013
16365
79932
60430
24523
40330
67204
30549
60419
46808
41101
74601
18603
45822
36092
66209
77069
29206
56537
23061
78654
70438
78214
24151
72802
55057
24333
47265
25404
89408
24503
77086
67208
35235
49091
40047
43215
29204
88007
77657
67530
49735
75602
34446
77493
71037
77505
36201
39073
77357
46012
95363
92551
31605
31750
26501
78621
73501
79065
56501
42103
75039
79407
17821
19963
79601
38351
31326
14456
38372
60473
46311
46016
34465
39440
66109
48202
85031
75082
78102
50703
32805
49685
76067
79414
37748
43138
47834
66605
49093
48206
78380
79934
28443
76135
77038
46319
66030
92316
77039
44103
38901
28714
31015
39553
54166
95519
30643
24015
30314
70520
67226
28557
76310
35214
59714
36066
39560
60805
67901
77656
17225
17104
83703
35661
74447
34442
76120
30901
55906
39429
84128
48838
44505
79764
60465
75964
26041
78503
76301
75215
40361
77979
60153
71953
39565
29536
78801
56073
78220
38108
76015
47501
45419
16301
45426
37938
76105
64127
46992
70706
92411
46816
77327
78114
46404
16323
68130
72801
75401
31709
33971
76574
37354
38652
68124
45410
42134
67005
84040
38261
56377
67206
71753
47720
46011
35816
95422
68022
26241
24382
40212
14904
29016
65270
77545
29571
18337
38063
48625
46135
71923
83338
39562
23430
75402
78222
39204
46637
79045
45377
47112
78754
83634
79935
18436
75116
95215
80751
75201
79903
77568
97914
76528
96022
67460
64110
30677
84075
47172
66067
81101
46356
18428
75801
59840
74019
70507
78224
78644
35967
28365
39367
30747
79415
75633
68310
62568
75474
70435
46615
75961
42276
47167
67214
76234
41056
29078
35121
35206
66103
28462
35208
39828
96021
95817
36426
24592
45403
73801
41001
77328
16830
70767
47170
39571
61605
36054
75601
16652
60104
19947
46408
76022
36502
46807
70807
25401
67156
83318
76306
72335
30548
77401
30273
37874
46975
60478
71655
77031
38012
75803
76450
78724
45690
31533
47111
72396
39520
49242
31312
75935
36078
68132
31513
66503
19956
48846
36037
66205
31023
77051
71635
77028
79029
79714
35111
29556
30513
95540
15219
49858
43608
25427
26726
67205
35763
59047
73096
79556
11429
41143
77378
35475
28023
14901
60429
14564
30401
83716
60415
31516
68131
46403
64132
15857
76309
93927
35565
79007
33136
64701
77029
13421
38635
79403
78261
23847
71295
78611
66207
18431
36272
74467
77510
77059
30103
95330
29180
84054
79412
84025
37854
22508
97814
46303
29061
59501
77013
72114
54409
43326
76707
78248
42642
35217
78219
17067
75647
77048
47620
49079
67357
78747
78738
99353
89445
99344
75773
72455
31539
47807
70422
79549
68108
75686
77591
66606
81147
66214
77554
38821
34432
38668
35757
37683
39667
67220
39563
66221
41164
90013
66112
45402
77587
38556
54636
35750
63113
34450
45415
49337
24121
48215
39437
35212
73942
46407
47805
36610
11428
14608
54521
39574
40484
56470
37327
74604
95252
60471
76550
28465
88021
76118
30461
46064
31791
66701
34452
67060
30204
67209
77037
74728
64128
77336
47670
30650
84014
40175
39730
46310
71006
19975
29574
93930
37721
13032
33035
72110
93960
76384
68136
72150
35570
34142
34448
72012
54487
17870
42445
59301
19970
44509
48079
30467
28467
46534
25901
78405
46320
39059
77445
46036
54806
74953
10005
77085
31014
64079
45309
47371
23875
22657
45439
75494
93203
32148
38320
72160
36274
85007
46561
64080
46394
60482
78566
74960
68008
27910
35773
43604
36022
35453
78861
38852
76054
19968
25403
76302
66720
35204
99350
49738
63106
17103
28333
74301
73068
79331
54451
35960
24901
47460
34453
47586
44615
31415
81625
76354
79735
78945
79360
64109
47978
18324
12414
78559
59923
63107
38618
74868
70346
75078
44432
66611
68138
30529
69301
49412
35555
17222
35660
66101
78121
77563
39819
76230
60633
28428
47713
74745
60558
39581
76164
77372
78578
86047
66219
47804
78612
93505
24251
39567
75462
77954
24477
70444
44408
35064
79901
35761
37879
39083
25405
45404
46405
60712
46001
23072
35228
26354
64124
25428
54615
71852
46163
66012
38462
14425
60915
78255
72616
34429
28425
70754
46802
59870
77447
70669
37381
28138
59711
68850
77484
73601
68112
89109
17003
76426
67219
42261
78225
77562
48040
14209
70443
48809
60428
72949
39817
77032
78003
38570
35501
76905
49333
13619
46184
69001
72834
99338
84087
29138
56721
47348
73075
25419
33974
29554
59457
93241
77518
37807
74437
60534
72472
38201
37840
45875
17102
48208
46617
72390
25271
35476
73055
72112
73026
75979
37841
47842
31036
71832
93543
66226
24343
79316
31632
79772
22443
37367
36322
63147
42743
31636
67235
66206
33976
31757
46809
77306
47441
18651
78204
28457
39525
24588
72740
39540
88081
36587
41129
78957
79102
36732
24016
22664
68122
68467
14905
77611
48015
75570
79756
26416
78387
38008
38344
46406
46613
76367
47424
79835
30417
31535
79022
75657
71334
44502
77995
74743
78639
95388
65559
77003
49696
36460
31510
71822
78063
48429
34436
36264
22968
29135
66224
78202
77565
31730
48875
38672
46072
56716
48529
75428
72927
30439
45409
78368
98841
78580
81052
64129
27983
46040
24171
47885
79410
47542
74525
45693
35207
46803
30607
26070
78408
78163
45121
39530
39202
73005
76424
45154
39232
74015
71282
79404
77094
36401
78016
95315
24416
70512
45123
16214
45327
71251
39823
70647
78264
66086
83712
31087
67147
76657
31719
68410
30817
83644
46055
46327
47882
18328
48074
48617
25276
48444
99320
45660
63120
34431
64834
77964
64123
59725
26164
75949
77625
13037
71667
66607
49240
73086
37738
48657
37385
39842
30230
35594
39845
77957
79765
75783
67230
42064
78643
15042
35062
75765
66111
46962
67124
34434
48229
71373
30673
55812
79849
40069
19933
49349
60425
72958
35079
78231
48226
83805
66618
79124
68118
27962
49866
35986
54801
64078
48039
37825
74462
60501
42320
55041
66610
41240
60155
25840
17236
46574
50707
67210
14903
19945
66749
47454
88401
76704
39191
70437
31779
46409
77423
73439
70466
74631
95322
35005
35218
22942
49651
72081
39355
72837
56387
77002
43764
23314
76442
78934
31537
76825
66083
78648
79401
78256
41179
39365
93620
95012
85937
47872
79364
76711
13035
48413
24091
35031
66043
68102
56378
17842
35824
38562
30442
67110
76539
47553
36530
46923
43968
63133
37752
73077
49046
46280
54153
31329
78101
55947
64105
24558
56374
17038
39556
49841
36310
75941
19930
24013
92363
78009
31808
46124
49327
56320
36350
72360
44413
49854
25413
38858
68007
26037
54568
73717
68117
32112
70584
75789
76078
76661
35952
48217
65240
26836
77547
64730
76655
83669
68333
55976
60162
40359
48218
84050
15853
46996
72476
95019
78538
48461
55045
25661
48848
29123
68110
29565
38651
45661
78355
71639
40311
48872
26847
83467
71646
47102
34433
29130
73750
19939
38485
31833
76834
48054
79411
24550
35759
54755
74834
74848
78112
46034
74959
75972
48622
46392
47396
76060
30753
40202
39345
79922
66025
67052
36603
93926
72638
75693
79339
79830
70462
67701
45810
66085
71857
31714
49643
40360
70722
29676
37722
48883
43724
79036
72010
29824
37074
46225
39038
42171
74523
49098
45769
35962
46402
24263
98855
39654
24065
25570
35748
84101
79382
67432
55920
23168
18072
39483
32666
39576
22520
30415
49346
74036
37096
35474
23842
96101
48421
75763
24101
79347
15110
39168
76691
33476
75559
78073
72823
25530
48632
48888
46017
66006
79512
36266
46552
66608
97394
77441
54848
31774
70734
72432
74578
45345
54456
74859
75426
24517
39150
22973
37885
74048
46069
60954
39837
13624
31031
28594
85363
26753
13114
32424
39629
22824
45171
49055
19950
35466
38363
12721
78226
24134
81647
45879
71665
93204
46120
24986
48817
66220
23487
73448
13865
34614
71742
40831
72687
66218
22572
35224
35968
43907
54216
47918
31822
56081
79745
47567
27013
31635
16915
70446
38680
76255
68152
66616
70339
72342
76023
85004
66725
78956
42038
29044
24360
47165
74884
49021
61530
49099
75638
70390
98844
24277
35550
31096
14469
36049
17066
28512
45651
79323
68661
78025
40390
49250
26170
46106
56362
75561
78575
54201
35978
19940
46366
54555
67665
77517
64126
49649
66436
71078
43526
46936
78257
76458
66713
30457
79838
75135
72042
36251
47353
75603
46616
54552
37869
48211
54154
31092
49247
68352
47932
35234
35442
71653
95247
68355
77358
43756
45828
14432
97391
17233
14512
72416
45416
72454
75125
31634
60957
95228
42256
48412
36726
38126
66007
37714
97630
70426
16833
35961
24577
39203
47635
66739
54893
42206
46601
78119
78384
75839
29583
74937
30292
56085
43793
22939
68818
30560
67550
45830
48618
49228
43072
47040
49269
30434
38040
64053
54830
37870
69130
35760
37692
97720
76531
35072
71943
47043
29832
31804
73460
22842
79363
78203
38483
48216
24368
32202
25506
71486
38865
74441
40162
48881
85354
28636
47243
30559
66434
73529
42041
68822
56352
43731
72634
66018
74864
15834
79088
76305
28479
23030
56143
26250
30558
48049
24184
35221
56544
68763
38468
31063
73538
78390
83660
24482
10004
35739
79536
89301
28678
97913
39071
37061
78361
67871
38551
44507
59230
74965
54840
39840
54612
67420
47660
71654
17814
72021
32066
93501
73527
75966
61074
79836
47452
72650
78583
95249
71929
13637
44504
39328
78605
48097
31554
37640
69201
78725
60964
76557
78962
99664
77659
22844
37150
96093
67215
43044
76073
89061
31055
39175
73662
86025
73651
59072
38257
59722
72933
28478
78652
76374
72046
73542
29945
23947
42210
31803
47432
73030
24348
32131
42724
49236
66032
68788
77434
35646
43845
38585
35563
76633
80807
40419
42348
35616
74079
81652
78069
68157
49868
77984
24970
45315
55046
55981
78370
31811
24124
49862
89501
93591
74902
75114
40437
46121
24104
48416
55921
68305
49042
60469
17073
54520
39066
79035
36033
45144
69138
24538
48850
75491
39641
49073
47138
35116
29128
32321
66227
14871
98840
56307
56310
36280
59201
43135
24801
60472
46181
95222
24095
18232
45697
63101
24127
59068
70748
37873
67068
74855
47106
74881
87042
15059
44431
76877
67951
59034
60456
76950
60936
59427
13346
71350
35549
40823
54758
78164
35546
23974
29335
30295
95461
16232
36445
79766
89415
78401
47438
48441
67456
74053
73098
24381
78118
46979
49454
43822
78059
76380
72833
48884
55975
67554
14532
32421
49056
66736
43777
59644
23437
24317
25962
74421
67026
99349
55923
41004
71743
45142
53530
66839
12083
29032
23944
56368
59741
36612
30257
79027
73772
60163
55964
61752
36040
98591
37387
13030
30833
47648
24088
18343
45135
70777
78383
31806
44442
67045
36043
38052
74730
85034
71638
96055
47532
31642
24330
48041
47126
47117
72126
35580
74538
87068
36441
54736
54121
81641
48610
18472
47305
76849
30471
38260
78160
46554
73443
76689
48755
30828
59019
72020
47320
38469
42122
35983
78377
39327
54873
66846
35444
73554
40489
35490
26456
42351
60203
37843
37762
12015
35481
95445
35456
67654
80514
47433
79356
74116
13634
30621
79731
61738
79235
48418
47639
61745
68064
76444
49064
47581
75975
48014
71064
72461
68826
76844
38221
39360
74571
25420
54630
79521
14548
64054
36748
37811
35130
38456
71023
12051
38329
54124
64720
46075
74764
28420
68632
47987
48759
75954
47512
66092
97828
45118
54871
73438
78593
75473
45167
24554
35049
37755
18336
35452
16345
49256
47562
71429
76457
48064
37779
32058
36025
12413
97844
78263
54771
70730
72101
54891
47993
49274
35447
48725
73572
31773
74647
79081
39827
49637
73632
16651
45418
45760
72024
78595
24421
64747
66757
35118
76071
35006
71640
74872
28088
39897
47336
37410
67062
79562
38075
49249
47164
54872
14471
72365
30178
83676
59425
24136
38603
84511
76360
16353
16373
23841
27970
35148
35063
50651
79014
35579
74966
55382
17252
38079
39153
67661
51249
67101
54107
54174
24528
75144
78208
39041
76431
48006
75969
31626
47944
48063
17048
54661
74653
95365
54558
13131
28135
46371
64150
66612
73742
37352
47118
45843
67025
26362
37756
90704
49332
48467
49253
73463
95562
31078
45813
38326
16858
73006
83254
77050
16248
47665
31606
47520
46932
75172
45623
72417
60301
66040
67544
16346
68862
71921
75453
72088
76640
79821
26351
26415
39459
47868
18458
76932
59752
16254
40313
16371
59474
93532
17026
85540
47161
67449
47283
37219
39746
47874
72858
24137
28159
45130
47638
72437
68873
56567
37338
46065
46773
29168
26175
71836
61046
85539
42442
46157
48829
98648
74849
47334
16049
47598
59011
75141
23062
15846
44429
69145
48179
26570
26033
47523
72662
66615
24486
49125
75630
18250
38873
31831
74445
54414
35989
35741
75416
70450
75496
24380
54773
66512
37724
78832
54817
79079
54139
54534
46929
77962
84017
42050
49657
38841
66542
28669
24315
16038
44445
46349
74343
96041
24133
26038
36273
54421
76225
13607
49266
56062
75414
49246
67439
70341
90010
49277
89049
56087
26541
70456
29940
47879
76664
79329
54847
38222
55934
38827
72121
68142
24092
31805
43945
13612
55943
49072
49234
56542
78941
72443
39480
62257
25535
46910
72006
28454
61053
46030
78569
67003
47558
60940
56554
62938
68767
49284
54499
67467
38870
55971
36311
46044
41168
95464
49450
24445
71860
47359
35973
70372
67135
49229
16666
48811
30663
36523
39330
65550
48449
76682
61753
79068
78357
45659
83641
24053
31650
59716
38659
49340
35073
47140
38229
18445
37332
38341
72847
31801
17267
73449
75639
45831
67056
59327
59538
74363
66409
75980
48027
71268
47952
28435
31557
73541
26159
36432
72153
72944
24431
25523
49096
67356
72433
38321
66935
73015
75422
13685
22567
72102
45882
27816
71762
27054
56150
32709
18405
67526
45645
48002
54405
55353
59422
60165
23885
55384
28133
37847
38450
38833
78659
55960
48891
54629
76462
67663
98610
68069
71071
47471
24271
67579
67749
71958
17853
49233
68446
66439
71846
45844
61748
38463
72355
37727
49232
67104
47383
49252
54747
75423
75631
54437
67637
54819
72644
30625
68978
13618
33493
73573
47338
40440
79095
36009
49887
41002
29530
69210
37852
66748
67748
72326
31079
95246
46051
67672
99587
44506
69343
76524
59313
99169
39116
46390
35987
67107
38041
47579
68361
48475
72137
76245
54446
50643
70778
74454
24440
29009
47342
66054
67505
29448
59254
71073
30450
31001
38069
81648
73433
28119
78655
95328
61726
49259
76476
47633
88048
98564
24162
46940
57030
38317
74729
74883
65259
74339
49310
66783
13044
23923
75058
66066
24174
68061
76430
95113
31778
24520
46994
43149
30256
30258
27281
95452
46068
54486
61561
13408
92242
35564
38553
64779
66090
30206
49220
67860
95426
32187
35981
37881
44423
49272
72619
60476
81120
40078
28125
80828
16350
40372
79758
85534
76530
15027
42202
55965
54622
23872
54876
79245
24328
61760
17098
31765
49030
97623
36276
35984
88044
48877
45880
25882
77650
42274
49339
38080
56551
72411
74940
31807
71833
66070
71851
17087
30668
74941
54616
79911
13332
48886
47850
67546
16922
43060
66021
49755
59523
28709
54111
54614
37892
38573
45325
56361
49309
13622
48857
22952
16347
24589
26031
49026
39464
79346
12496
66967
47977
49751
54460
48022
54821
72738
22843
31738
28091
38568
14561
54896
66088
85337
46056
66075
72354
73057
46172
47108
54435
24120
92365
47115
78407
29468
74901
78147
74726
13679
48835
95333
73550
48414
68465
49410
13409
68756
37178
45873
19941
22644
68779
97498
36509
47951
72324
29685
38374
14814
24472
48460
55974
66073
24067
72843
74932
48628
67058
47841
64725
29052
92230
93553
71039
93516
68370
73932
47373
78393
37866
73048
29114
44675
47838
76554
39478
48834
23898
16123
95245
38220
48815
73728
38240
56586
67756
97360
44510
72372
29664
38039
73526
46070
76624
97836
38232
47634
64742
49795
48851
67878
81140
24571
26040
66517
23833
46939
65039
24128
73456
56511
16341
56340
14544
79752
53586
49287
67547
46978
48464
56312
47631
67030
67455
66087
46031
29030
17244
24467
38425
59442
47469
79325
38580
54498
54770
66105
79357
67361
46166
76511
61732
47963
54470
16881
24122
68466
53504
55949
35446
66733
67864
79546
73852
38368
79096
46058
18617
47145
54491
39846
73040
56540
99133
38641
73858
16313
40468
67851
54642
93562
54627
30234
45877
67642
68937
68002
66056
98822
67861
74956
47928
24290
23937
47513
49235
44634
47970
67576
49060
35463
37713
27928
46382
49733
74332
54128
55939
30216
54623
49411
49893
32140
45812
45827
49885
72447
75932
73038
16838
30137
67669
79086
17864
38541
36578
35061
60941
77417
39813
18438
68045
35097
67543
47527
46128
67522
79322
24079
29014
43771
61744
67473
24363
36555
68730
13052
36258
61285
62531
68979
37408
55012
36480
64734
13083
73543
22660
54149
44443
49769
55956
47946
66401
47272
54754
55019
67560
95589
54425
38037
73566
74369
54436
68832
38856
46048
68729
46532
44441
54635
38231
56331
73759
48865
47848
73624
25241
67117
66052
72386
12463
67146
62510
54759
54519
83335
23438
38388
37339
29104
67480
47273
24465
47957
73029
67336
22652
38258
72136
38381
43009
47971
46917
62540
67228
67671
67839
64125
24526
73933
23830
46974
59263
14466
57003
64439
46050
71072
78359
29726
67548
73628
30641
24378
61570
67067
67443
49402
77564
55088
48468
38342
92398
15757
49405
12192
32193
35480
22542
37301
67578
24479
49050
29426
47561
66533
83623
21668
23432
55932
76578
76271
37175
62546
49896
13650
49238
47862
67020
70725
24258
54511
73645
98941
76064
46076
46186
50626
73669
72633
96052
61736
37365
24138
73017
56316
29015
73860
67050
74860
38504
77663
44427
54856
47564
55945
83847
37337
47922
73062
38545
43464
69129
73763
24326
55954
67108
68359
12442
24070
47840
12502
46165
83845
67330
23315
28682
38371
49879
57068
47137
43340
49853
61725
56535
61078
67561
73859
99116
47223
61728
97413
76941
49347
49814
64746
68038
45836
48897
67428
59036
76837
92347
23433
47948
54644
24250
20620
54556
56570
55991
61776
12423
12468
67437
96107
38577
43746
49821
67070
48860
29453
54459
73568
47557
89124
56736
48873
12726
64444
73546
49632
56534
29717
56569
24245
38332
38588
43734
24325
37688
47516
61242
46913
37657
54442
83626
61754
73570
36020
73074
38253
56324
68944
74333
23850
79366
48613
38487
56041
46035
43013
36749
49268
38044
73458
74875
38380
61572
61488
56120
49840
74026
49874
55929
34139
56578
96091
49322
38311
92358
66035
74832
49812
37715
34138
68340
49276
38241
49248
55053
54524
49279
37878
54564
54865
54832
85219
59231
97028
10025
60657
60614
10128
10462
10003
11230
10458
11201
10452
60610
10468
10457
10021
10027
60611
45840
11238
40475
10032
71913
60622
67401
43302
47150
87124
83301
10472
59901
26003
10033
47374
61761
10451
39759
13760
953
38655
88101
70119
44870
44691
10022
57106
87507
10475
39402
14701
47201
10040
62702
76549
10065
78840
49442
70508
27030
70810
61701
58201
70560
54915
11222
10034
77901
62521
98801
48601
48430
49221
82001
36301
61704
71203
35630
75501
36330
40391
60605
70605
83201
71291
79707
10075
24540
16101
10013
71603
76513
25801
35601
71360
79705
10012
71106
87144
61032
50010
15701
76502
42071
54729
44805
64804
54401
39180
71270
10454
54914
62703
30705
36303
60654
70068
71107
70501
65714
47274
10001
99163
50501
12010
45365
16335
47362
66801
11249
55912
47421
29115
36832
54481
43050
44883
70364
39466
10030
37743
70503
54494
49426
98362
10039
58503
49686
65616
54911
11101
39211
78703
78363
35611
70131
51106
76548
46750
29646
70360
70634
82901
17325
55811
48433
49707
61350
39301
71105
35640
76240
39056
47203
75503
49036
37303
55904
78624
49444
71118
60914
10037
35801
54403
26062
54130
76504
57006
46970
47331
70510
72315
70130
72404
38701
54501
70363
89406
61920
28352
23139
40383
49037
49464
77005
61021
83402
83835
64836
46321
49783
49601
83221
36867
40342
46563
77414
48420
53172
95531
14830
36801
71303
48473
49428
49017
60642
63379
31903
24141
71109
78382
48532
58801
49770
71301
49014
82718
51104
70124
36265
43452
70471
46580
39305
36207
83404
28139
60601
97754
29340
66047
54022
64083
29108
36203
75965
98368
65251
57108
44820
48624
73018
19971
13903
55350
43140
85242
77640
31008
54476
62305
16148
24201
71108
84721
84098
82414
70714
35613
79703
17745
40014
58203
83202
70116
30153
54913
83204
53094
75751
59937
87508
24210
25414
53115
24572
82716
54455
71115
30635
49721
11239
75142
48059
36870
36804
39705
70546
70125
79336
35473
88061
29693
49660
84720
87122
39307
56304
60661
56379
30474
49068
83617
72830
33935
23901
71129
15201
63383
53129
27948
35406
49286
87506
31501
64870
48451
43545
48653
54467
78064
78070
39272
67337
77703
25411
87015
48001
24202
68776
53233
31220
83858
87413
29936
49224
77701
53818
62052
80424
65583
64505
83406
48661
15224
36420
48723
67002
41048
56093
14063
16057
70811
55401
36877
71119
15208
48801
81230
60447
10018
70047
40108
10280
90401
23662
53098
27863
97741
48750
36206
35756
47006
98250
46173
50211
70447
48612
60305
14870
80435
23002
53120
65584
28470
93546
49646
65049
48768
32446
49712
65737
32456
70113
87402
49938
28694
80487
65065
59330
30346
60416
63703
58075
71101
50309
22611
32340
65672
53130
31316
54140
50201
28518
44115
44114
68434
60970
48746
29927
61951
10069
25443
36104
95202
97760
27823
49404
10007
55454
29835
71103
70112
84701
80443
80461
49677
18424
98365
36862
48651
62902
76155
48726
10282
97444
80498
60606
49304
11109
12790
36856
78266
66211
47390
54024
49615
10006
25703
44127
51108
72529
52730
12816
94304
96137
75226
98631
98439
56069
32460
75251
14202
38664
11955
38581
48933
83422
78597
17101
45780
45302
14604
28323
61360
98831
28747
37356
49283
80442
80482
11931
53203
63102
90021
73102
66619
85638
38948
75207
30301
93067
77046
20006
67202
78205
37201
12789
22460
60602
11975
35233
52801
65552
78402
85646
18335
59001
76701
11947
92401
93604
55402
72201
36602
26260
49440
98934
11547
11962
60604
89158
94104
77010
60603
80457
18624
18371
28718
48502
44308
11022
55793
11956
18323
80045
95652
75247
78235
15502
10020
11042
33122
81225
10453
45601
40601
70726
17701
24060
10460
42301
26554
35405
70115
70301
36830
65109
42303
42420
70570
56560
49203
62526
61832
88310
87505
70118
70808
59701
87401
11237
15401
58701
64801
98382
55987
48423
78852
62301
61401
28358
54880
60653
70806
10455
39120
59601
56601
72653
70117
42003
50401
88220
56401
88240
83401
52501
45662
58501
26301
35603
29550
70817
28752
24073
42141
65536
42001
52601
52761
68025
74820
49417
50158
66441
70809
53217
45701
27870
40701
40004
56308
39208
55060
62959
54449
50014
13905
65721
52732
46176
71457
38801
76401
25701
47933
74501
66049
65101
78582
83843
57201
62864
64093
31021
29649
62901
77833
83440
70461
65775
83814
30286
75766
35160
62650
40403
27565
70114
66762
63801
28379
38583
72301
38930
34974
63640
45331
28328
76801
61938
77904
42066
58554
71202
56201
58504
71446
44857
64850
29488
71220
59602
75482
54751
71201
30528
49684
42503
79701
46725
70448
31763
30125
58601
78332
36701
30577
39601
46077
25705
62801
17044
43160
40353
45177
46952
56007
28659
28906
14020
61081
35010
41501
15905
46953
25526
70127
55744
43725
29360
79072
71292
40741
54235
73044
42633
49202
87544
39648
27537
97058
47025
53147
42025
28043
28504
28501
88030
53913
70380
39702
28712
99403
50208
15425
28472
63501
29706
61455
35150
24551
60450
31768
70586
87501
13790
29379
26201
43952
38614
31503
49456
35901
55746
35633
35055
70582
38732
70427
54452
13820
35903
84302
78132
57078
29532
27536
70535
43311
57301
37745
49829
82501
83864
44830
82070
53121
70043
16201
70592
46706
58703
30728
40769
42501
37725
97850
97031
46703
29102
75156
58401
29512
38829
97415
50125
68845
30824
16117
69361
40962
70526
36081
88130
57501
16125
24450
44833
60093
55803
54981
40744
16701
38804
75951
46733
40031
31030
39194
70611
17801
65020
39773
68847
78584
87301
47960
63601
36854
57783
70563
62656
25704
54656
50036
53190
70764
42164
45640
71602
55720
75672
15904
54143
61520
38343
42728
40965
54868
73010
41075
72364
41031
71104
24354
67042
70578
63775
16105
70128
54660
76501
53566
705
38606
24426
45631
14048
43506
54241
36305
39051
65265
39426
74344
36027
77437
39339
49047
75670
82072
75143
62522
81321
38611
24301
45891
39183
79706
26330
42754
29118
87410
70037
74955
56258
56345
17837
32428
74361
72543
27892
52577
16146
31545
45320
55371
65560
53901
37377
39074
23851
61443
51103
46755
61071
43950
83442
54843
35904
29520
46714
35650
52556
29325
15767
44654
44839
55804
49401
40336
77488
56003
95963
63841
13815
42211
88210
62946
65706
67301
16002
30523
30830
31029
27055
59912
71302
30642
39090
36863
37166
51301
54961
56031
40444
38571
14527
39701
62948
24055
61068
56701
70538
27932
70452
15203
52627
84032
35045
27574
29620
41230
52632
28551
53959
99901
35504
31032
74070
70394
64772
35645
34972
64507
25504
63628
61944
35077
40071
14843
77474
87532
95338
38703
28372
12701
35768
15902
70518
24739
67010
62896
41701
28697
16127
35954
70583
37760
82935
38572
62450
15370
35057
64503
75835
99114
28345
81082
17740
99615
49720
51401
61764
43953
15522
98363
77868
25425
66002
49801
14810
52101
55792
77905
39470
44667
27573
32425
70525
84501
41653
44811
56187
17754
13676
22835
50219
45694
38358
75644
46567
36703
62960
27944
62812
75418
29812
82930
82520
71351
38866
27522
39475
24084
44905
15906
32696
56431
75551
28753
46373
38663
65708
57110
64501
40033
13827
51031
68048
18657
12953
16137
70615
17847
61356
59860
75652
74432
65605
56649
25071
71052
48629
71269
50428
18840
29010
76692
77836
45648
50138
15963
14411
63645
66071
30436
78629
61354
71047
62881
75862
52641
17350
40906
16354
26452
28337
61705
61254
82435
60950
28364
87571
13148
84532
76667
49740
28384
70739
38843
70070
74948
32063
36853
87020
41465
69341
61462
27949
42345
31082
13357
35653
50588
42602
71241
43440
61301
83001
35906
70529
17756
50112
28360
92274
70548
62454
56082
43064
24293
61548
70544
17872
44890
50677
83350
16901
59911
85344
75654
28713
35769
83333
41144
28657
82633
32344
70445
81050
36467
76645
17702
75758
30546
32693
14103
64504
30531
67410
50616
13165
82240
42539
32348
71449
49837
71483
15717
31027
39111
43351
13350
53581
28377
35634
28621
61727
87004
24266
49112
28340
14895
30427
17340
24521
28777
39666
24605
45427
30525
83340
32680
77418
50801
24219
72560
31639
30752
28466
47001
57785
87048
40456
47119
47446
51360
43964
39117
35058
29127
15825
62918
31620
84066
55051
46761
41035
25541
24522
38382
24211
62832
67152
43338
59270
70665
54457
14437
49457
83661
26651
47012
28580
50595
27850
39577
25550
56472
79070
87801
39428
62837
30217
48509
26155
38965
82301
65043
71671
76567
39114
36093
63390
41472
12983
55063
18848
57005
21853
29645
43935
55355
17844
39170
47122
29728
35179
25560
43906
70812
65608
99835
23970
47448
50022
39455
86040
43449
65453
83316
24230
52353
45408
36079
62056
41139
81435
52060
87740
71019
28320
39482
45107
27017
51105
85232
64076
42330
40977
73080
99156
31064
35652
42748
54929
32054
45692
24148
53948
24531
76520
46506
16226
37861
42167
31643
62471
39154
17851
17866
84060
13904
54665
71463
35503
87901
13642
10474
25312
54923
65622
75650
50644
75645
75785
69162
70345
71040
13365
52544
84337
18801
78065
37871
45764
36421
37641
72370
15931
28754
95988
36784
38851
25702
37322
55810
32448
98620
51442
56353
61342
70775
30662
14892
47394
54001
54482
54495
31788
77612
57042
61036
30553
99026
53555
62246
83672
14482
53821
36323
49031
70359
98826
70420
62821
27041
22060
43019
78061
39652
78942
61341
76446
28761
65459
30633
72031
25508
57717
36345
44270
24557
70392
82834
54982
54548
27817
79510
71343
75147
62205
28463
37331
51534
35096
36874
15537
24614
35907
17857
52057
38824
39573
82401
49913
49931
56265
16063
98816
40380
35956
71263
77331
62626
24078
35044
62565
27589
75956
13367
46737
24319
53925
75948
55336
24175
36375
57107
61834
40447
65712
28722
44230
55009
14454
43543
53014
29148
62207
53086
62906
55731
39476
70633
37058
95932
50511
50273
35654
36089
59635
28705
43028
74346
27371
27018
62441
51334
70129
16055
23824
17316
16150
42129
62557
83274
24630
17320
42717
52205
13856
13340
28431
55616
70760
38967
61856
51566
75840
22560
28398
12754
78834
48457
65018
41041
61061
48455
17976
25430
37820
56425
28762
83638
49727
87417
12043
35046
30535
50662
54944
81144
71328
13732
43713
70555
77864
49935
28382
83263
66547
61010
70087
35151
52349
36064
24609
71075
44827
78733
37708
77371
14779
54942
14470
52742
82201
38756
28651
75457
41008
95971
61270
62618
49930
54669
39095
74020
76634
54165
28040
28422
46738
39218
74331
25306
28782
28768
30646
35614
65037
42437
24422
73065
28675
30176
15946
50126
71225
78657
41040
49659
60022
70084
77859
43912
37890
32040
48450
27306
70090
50213
51012
53533
29666
49802
54020
83619
55734
25438
77465
15748
46701
35622
46204
17059
76043
29853
17751
12986
53949
45304
56283
62839
73051
83860
46723
71418
62088
76571
26757
27954
56482
54217
41311
49460
54728
23924
51537
54724
25951
71409
88345
53128
70533
45656
46933
56573
42408
54114
14414
66053
35672
62930
75752
42029
61241
62049
71322
24641
26426
42127
24370
38666
66901
49690
70373
42544
65079
28383
68949
48880
67880
24273
81224
83856
35905
39474
83861
53954
17777
44287
16735
50049
54136
71232
75440
27583
37380
15851
24054
55944
70668
98577
28547
98815
77665
39744
24651
75140
54011
41301
43315
16316
70648
56572
65793
41097
65653
43331
65686
32465
38676
76642
43162
75148
45663
16933
65066
53520
69153
62278
11697
74352
29540
40312
43011
42347
70092
36024
17737
79201
15478
29709
23141
61953
28114
14569
56347
29003
51601
52172
27020
51632
49631
48730
60942
52537
51201
25813
15714
65746
52310
71254
32052
62274
51250
64040
30628
31816
62012
77360
70554
62204
56329
50548
42220
36278
36312
46767
55719
49420
87035
87557
37025
36271
23009
28458
65548
44889
28572
26047
54021
18810
30510
63780
62675
47060
38860
43316
49082
56101
49057
56164
56156
26431
72632
18426
70711
35042
54157
66217
67735
78052
22851
83544
59828
26537
95220
98640
36277
42629
40143
56267
56468
13326
41175
49709
29059
30113
64037
56058
98672
40729
75684
25601
46777
56751
56367
65556
70344
14487
13339
52136
42726
74056
41169
61362
46711
52531
53578
46783
76437
12307
48847
30582
71405
12025
13778
46795
65041
99141
25045
25880
23927
37329
46160
49421
42765
53955
62951
27325
65336
23181
48438
62448
30453
77963
39669
49028
61252
84741
36010
54829
62859
76448
41030
47356
48471
75844
81067
62549
23930
38355
59864
83330
53813
24260
39325
43947
98331
83801
44842
18847
39119
75754
31546
33471
36268
49749
39479
25159
32008
19960
28642
48739
50461
82701
75860
42567
24244
78026
28640
25213
63389
35754
48656
43938
24224
28018
43830
45710
28901
87043
75692
78616
83341
89820
12305
22727
32440
50436
50441
53583
31331
46565
64865
83445
45311
22473
24586
44618
23336
78606
37818
43334
75161
39645
70342
78372
14011
23936
54812
66064
68787
35959
71001
27855
92548
28366
39422
14009
49045
16424
81089
50659
71417
38683
37887
83530
32621
65542
67133
35581
43143
23140
61231
99109
15909
48893
49663
49779
13202
23868
48003
17948
26034
51351
31305
56763
35578
75831
13407
16403
24340
29142
82443
30557
50129
49455
63362
14530
16121
42553
14070
64062
14727
14787
83211
42366
38868
70431
88352
16102
40337
70343
84036
13733
71082
29048
47220
65747
50047
49635
62263
53950
14837
27011
25320
62563
49756
56636
14136
78543
30530
47041
25510
62644
76365
14750
18517
26525
70744
43723
35184
42376
35772
78013
81323
59917
37616
45381
38619
44606
47330
15824
46511
16229
16314
26582
56288
56479
75755
16056
71467
42749
57032
40013
28351
48763
81252
53934
77879
14572
27379
26704
39145
29042
23103
24064
17307
37307
48658
51555
65441
17728
24066
56474
35619
40006
16142
15901
35553
52772
53061
29692
70354
29696
75656
41314
74962
55037
23089
32431
54110
14801
38849
36352
83328
87529
52655
60420
44644
88047
22849
29810
61846
98339
18507
28386
70591
32619
75124
37402
45612
39740
45338
49706
56442
76821
45628
30563
71403
14510
48647
49265
16433
30521
29069
42053
65689
38826
62561
62033
35582
44851
46538
31771
27874
72521
70395
13838
28433
46164
98245
15681
49682
17724
29112
38921
45380
49920
70577
71837
52247
52031
53805
27563
56215
82636
74337
13753
53565
71968
29164
37370
54730
56484
56364
42653
77856
83336
44902
61883
26601
16159
71423
18421
65610
16630
46928
47031
56013
65656
29817
31553
74954
48453
75410
12122
38855
23219
31089
46148
16947
61025
36875
45732
48756
63361
13830
28746
29436
36250
61348
39439
76559
75563
84624
38549
29653
49765
75691
25832
52361
78022
45169
49245
62420
14891
56633
29384
27810
75790
29847
53946
58854
42450
54646
13452
56273
70549
75640
48023
15431
29055
29944
16242
77514
13849
34101
23040
54822
12758
28318
29831
59935
65791
25545
77435
23063
46562
76272
30104
30629
40026
49067
56621
26143
61739
49781
15461
57022
37826
29353
42044
50248
54484
30222
70710
71234
43022
48703
96122
63650
47042
22503
89019
42459
45614
29924
57754
44621
62060
43357
25053
39735
54727
46721
72442
27921
48428
26378
65753
70719
17752
55972
44676
75572
78947
14423
40051
63343
13460
32455
37336
54983
42519
83355
54853
27830
63825
71235
30520
57064
27871
30565
26764
28756
65360
62293
95987
14036
43430
54411
18419
16134
54667
49665
76802
75569
82644
49676
39451
49449
52776
22482
24090
70085
49946
70032
72542
70075
56515
62411
14840
54940
43783
99111
48463
84526
14757
18853
49878
75497
38828
83455
48744
56464
74365
47462
53588
70657
32328
46126
28338
45347
31645
39216
54739
70449
85346
24910
56241
83536
51054
81328
84648
25918
65631
57033
54474
47018
32331
46710
71433
12944
37880
75452
92317
16037
17051
49746
62321
32464
35541
82637
18434
24574
37403
80422
11005
38915
29918
82941
14733
23837
42086
54768
61048
74058
26288
62690
28160
80446
30808
95460
23890
97918
55325
23417
47327
49633
17824
75158
96020
56549
75683
16023
16743
85925
13833
42635
50156
84049
59634
94018
36866
49094
54837
63630
35771
57013
35014
46590
52339
83628
36861
61054
13439
66743
44680
65248
74338
83869
40734
29047
31543
14883
18618
64844
71280
87567
16749
17841
36016
29039
56360
56623
83353
56520
72576
13811
55709
29438
22920
63357
31006
75939
24963
54106
29435
70788
78636
35765
50438
53807
35740
40409
38922
23310
27959
37709
17084
17004
45644
15473
42327
24549
38330
47136
42647
56444
70030
99328
83655
76856
14737
36260
72846
75117
75756
35053
41171
65705
76579
77871
83276
61542
28585
56529
27544
14710
54448
44217
53184
28456
56342
72067
27311
41006
27509
74030
53910
13862
41572
52301
95912
62995
42721
88312
53952
16693
61310
53191
56359
28654
35648
25130
32442
41095
62265
99122
47346
16053
47037
13329
30738
45653
32438
15943
54426
36442
61410
25301
40146
40008
29643
71227
47124
49617
51040
28635
13754
15233
28643
53809
75472
47246
18822
53964
75109
17834
12157
61064
17301
24954
54151
83014
59875
54945
75833
75946
30571
68959
59859
88230
65633
43844
52778
53125
14485
36091
63624
62903
29018
44837
39638
54941
95684
56441
80758
98812
46793
62353
49668
61911
88045
27925
58523
53525
70589
40019
44824
61448
12865
29718
72635
70057
35033
50648
54984
24256
27541
14772
28453
52358
30547
14823
62014
71957
62016
29178
28441
56097
83110
32628
35966
56048
71033
72556
23421
23950
71049
71327
43943
59759
27209
14712
24870
54634
13748
30511
46571
55760
73028
83252
17344
62613
69357
28349
59873
71461
46746
74547
15541
71964
74370
84713
17372
28676
49254
79782
18446
44627
55927
61910
62640
62341
24083
46742
48757
39631
56452
75567
81432
14416
62914
93523
30711
13317
24149
13743
38610
27805
43324
99166
99762
72132
16668
16950
38857
16925
35776
38650
55705
70770
70377
75432
35203
54479
85532
53574
65052
75925
49870
14738
39335
97818
83837
27832
54177
18834
55721
54538
50627
85936
12117
42518
45113
54170
95570
63730
80201
27229
55767
26385
76470
61422
46787
15845
70542
52175
36320
38847
75778
99672
63382
78071
95231
49807
71770
43532
45846
71067
16157
37362
49111
54968
61085
67063
89419
23920
40322
75661
28571
32071
47923
13783
18237
27937
65723
45723
13491
36351
46792
77485
99688
67335
18101
63435
15052
46555
32053
45613
50674
62075
12775
40045
44847
65740
56514
76943
81054
26287
45159
74035
17980
23350
40385
81132
31566
49621
70653
79567
12466
37864
49945
72554
75973
97148
40056
49614
55072
23919
24639
43517
49040
62952
97101
13787
32087
54949
62069
71411
61434
55741
79501
64477
40740
43758
62558
54406
88346
95542
14821
66861
23917
45686
22578
53048
62822
46501
50025
32320
37302
81615
94508
77363
15563
57028
70067
26444
52653
54562
78010
15445
49953
14062
56466
70052
71744
65452
52052
47459
62939
75446
13825
26807
52738
54757
77831
31647
49715
54874
42031
57532
14081
38620
14125
31046
40057
71341
27053
32322
56473
30055
39189
25123
27883
55917
57469
25827
43310
35958
64862
82431
56172
61277
75163
50421
39040
65734
70071
96737
54810
98206
26253
64020
26059
24089
47032
83127
56277
79252
75568
60551
48436
95454
25248
46989
49648
13411
43318
61858
62694
54161
63960
17063
30538
51023
53573
30669
54960
45652
74435
37144
62428
36553
52208
59829
62535
35083
88317
14812
61531
42378
50054
95536
66763
77364
24874
53960
83101
26624
65652
89883
98612
30624
60518
70079
28905
78358
57004
95633
72641
85939
56467
14435
43342
16501
52342
64061
14719
27846
32443
57732
39044
45629
57039
18614
17082
17856
64843
16406
27976
50459
54619
58784
54129
54234
62920
27839
53941
79226
22539
49622
78140
17744
27581
56672
45390
28525
65231
76823
80447
49629
55768
65063
62275
63822
42055
71060
29432
43348
75845
13730
41092
61273
17771
15926
30567
44864
15774
44846
62447
26588
51109
54889
41010
44865
56220
37317
62884
84754
88435
55718
76577
31076
49670
55723
28740
54970
65326
27924
54767
55707
40402
39653
58421
32035
31744
37375
46504
30293
54814
20763
27831
29107
43014
96760
56175
50216
55307
52645
49655
62922
43824
49435
64011
75246
97845
39854
43718
35621
18630
88337
16154
30477
32096
51445
54113
79311
23124
46740
49650
72519
61540
77446
40347
70083
75974
30170
50450
56358
75681
85193
43570
52033
58341
61238
12068
50423
26261
50212
56461
36750
48615
77830
87415
41649
30421
54859
73082
30105
43917
52162
54005
67039
30750
63627
31044
32094
47024
50622
59729
67333
30555
39661
23086
43787
77664
84021
16748
62924
14865
20135
53811
14807
54171
75855
16404
17049
23958
99148
14755
75760
79373
61537
28396
54950
65281
29075
70783
96714
14521
46938
52591
72513
31716
15424
49237
24556
29714
29628
26719
65081
29129
58047
62082
84761
38862
54440
29827
83347
31002
44452
46732
27356
59922
83639
36474
24248
35188
72040
18837
48740
27820
43314
97053
50849
50171
56435
18623
43618
43773
59758
55334
81125
47143
55395
29332
81154
28626
79525
62858
48654
17353
23149
71238
82937
14517
50115
15545
61956
85329
87416
97465
55614
68739
75571
75846
45101
79504
15436
33836
42757
61842
65632
82721
45767
56278
98862
16262
45744
47340
80734
87935
55790
56256
62869
62910
30648
50225
83611
28344
42784
12920
37137
83352
16116
82426
65074
14098
52327
38233
42088
45845
62092
16946
14739
83313
85359
31637
38367
53036
45679
54725
56438
75938
27808
14715
27890
28670
39657
48659
54613
12167
27551
68405
98856
49436
61084
40037
47355
76648
95319
15956
39766
70532
59865
25921
65611
84312
85938
45203
25003
50665
56465
67013
29546
86436
54466
76449
31555
52211
78631
18701
63347
65681
70039
75433
28665
28357
54135
31560
47368
49799
49916
54732
75770
21539
62550
66536
16678
51002
53929
16145
70776
77580
75417
79843
84340
42776
17764
71346
83113
45858
64840
97827
99610
29563
30537
99576
44882
56557
62890
78579
12966
40371
56373
62237
87552
15935
37888
82513
65644
26711
65769
76252
78609
13746
42413
38316
43516
36279
43416
71454
28459
30182
36080
37308
30445
41039
68840
71861
75931
72512
13143
76665
23882
48419
47022
50170
63771
25168
97734
16641
57071
16143
54228
40370
74347
26218
37079
49032
47959
54209
56630
78627
49766
65679
51546
56655
99824
30576
24983
40119
44814
22967
29101
23867
46982
85332
29475
37335
84642
97041
30473
16637
23883
27842
31037
62468
74330
43521
52401
24281
29856
75859
98376
28450
58540
50060
77835
99326
50658
54473
72348
83226
12072
45064
28622
53556
85924
96103
42406
16061
44637
62326
42045
44677
23175
26035
32062
49043
12455
32059
45715
61250
12776
41189
49908
56477
95567
99556
28526
55769
72943
16929
52356
75851
95441
83210
26149
26408
34985
56381
74964
27806
62917
36032
70041
17981
40076
56159
17889
26547
31775
37770
77968
81055
72473
44840
49095
72064
72642
14525
25434
42087
13646
35540
49688
54202
88023
88316
95311
87825
27024
62442
17747
26142
43780
50601
53570
93205
96752
23888
43557
74085
79041
43518
52625
42023
86432
87323
95428
41256
50563
29437
30251
65588
22958
32420
61020
29038
40461
49664
76055
97538
16153
40109
41003
66524
71275
30630
46747
14775
18470
28687
36319
43988
77335
30056
54101
76569
14873
31091
40117
46784
64454
14813
26542
28167
29162
64755
80720
38642
40011
54169
14809
56232
77426
78950
49777
89822
42166
43749
50854
79520
36536
14847
54745
61817
37012
55783
83850
42048
52656
65713
59421
60953
98325
28444
54666
71419
22435
16327
27878
50072
59872
97883
29126
29137
68748
68450
43554
54141
55354
56209
95641
15938
27506
53820
67835
14541
49653
83332
23109
28743
43719
55389
97846
64673
72127
95469
37018
16052
31749
77482
30428
46770
62691
87556
27553
53932
30568
50574
15554
28573
45647
76570
88029
85348
65324
78662
50207
66535
23102
39851
50675
12788
13648
48748
49616
54658
62677
93283
35752
49620
50833
96032
36376
37097
61281
42120
48635
49644
77861
71051
16222
26147
45814
80103
14716
28515
66509
12197
43748
53049
65014
17094
29597
49759
67144
42058
14735
56208
67431
54943
17304
45657
62958
13613
23043
27869
12779
29729
56510
25976
53502
84629
32549
64855
46161
47232
54009
99347
62501
85533
15438
31075
38658
84631
44818
51050
55940
76534
50669
69334
75490
95573
96765
22620
25275
25537
40486
78940
83420
23966
38633
53944
75486
88046
18850
23922
65725
53114
87937
24747
26386
61469
40387
57745
36453
54004
15468
49051
64136
29474
39664
45682
74080
27888
28698
30411
31830
76656
35744
62882
74871
38665
44880
60922
17264
62080
82729
93545
97380
25136
52076
55007
79734
12996
28464
28538
98537
13363
16822
25823
38601
55049
80459
30072
49788
52637
61723
28521
49130
25559
30634
13673
49683
54849
30627
48742
49753
78379
98586
13736
15442
26833
29712
52151
70455
10511
42020
42234
51039
62216
15535
24085
28615
50228
87522
49241
75668
76443
95947
26184
68023
24555
28772
31310
46130
49747
50250
68869
56547
83539
16611
25033
51579
64019
49640
30552
44807
75651
99676
42027
42081
76366
49034
53951
55955
61326
75436
71956
13812
28617
56072
96772
14722
31825
37872
44645
46919
54112
56571
65767
71485
94956
61427
41049
43128
78113
82225
12912
49446
24324
43358
54014
55396
14560
25825
28684
62548
14806
15474
35087
70652
12870
26851
36852
58012
81639
50619
14478
16914
65669
68731
84654
72434
83855
50247
29163
35019
35677
43901
61833
65351
12764
98320
23866
65284
95525
42352
54618
65707
96027
62458
16936
70733
55952
61030
55706
83873
17772
35078
54540
75480
60938
68037
24712
23410
56628
65787
31019
55750
83622
97753
14427
16434
27315
29001
31033
35136
23954
12958
21871
46702
56528
95389
28606
54639
54824
31562
54443
51521
62379
80467
56098
56296
13420
24069
75929
32411
39769
10101
65786
42056
53968
57638
98828
13459
23921
59821
15724
17009
40107
48767
14826
62926
78873
11965
27980
71226
14741
30541
31303
52565
54547
68347
74561
96705
12926
28529
38803
49070
83876
26710
51449
84535
31010
39834
42343
14879
45346
49271
50472
86320
12149
36353
61756
44849
87566
52747
72530
75155
92257
43946
43973
62935
85553
12916
26571
53516
60043
30733
37095
62907
14718
28689
53561
56264
61491
42078
50240
59730
61028
14171
23083
65243
74825
13625
16351
48738
56589
71764
72082
71949
14724
15043
62037
24165
56531
73848
83429
83852
54870
66712
87025
15322
18833
35974
37350
62849
82732
16920
22469
49011
53002
54423
49713
62347
46772
62418
66076
71366
86441
14476
57212
49892
12723
31795
32359
54156
53507
87001
16627
31827
54539
78215
78656
24598
55959
12748
13327
37309
42082
72645
76351
54514
18464
27814
59063
62271
74002
13626
25984
30631
52332
68883
77880
54966
57226
98635
16912
45306
49730
70659
77951
96796
28685
50629
62870
17860
74554
75643
96008
60927
72853
62320
24435
40142
49719
63369
21520
40068
61376
64490
76270
12086
24529
42325
77983
93424
16028
28432
45303
46951
49403
63377
37694
50670
62692
78881
79084
96134
27252
27860
26679
50864
53576
13320
54909
62685
99652
15559
31815
54740
16120
23881
71027
74032
16249
41064
47230
38334
39425
44867
56284
72658
96783
42160
55771
83540
12066
12168
13324
23038
55342
69358
43332
72070
17845
45874
47341
76857
97738
12451
50636
56481
85236
99181
12928
23071
27007
49950
52206
72013
13416
47954
74536
37726
74061
33849
85342
95002
29741
30218
67017
71362
13425
36005
82939
51028
58251
14040
61373
71937
81524
83245
50058
14781
31622
42712
52639
62330
62814
65646
72840
16041
17830
46779
49630
72444
30420
30730
36752
16650
23420
47380
55329
77865
37809
41033
16239
31402
62898
27343
40055
52224
56088
83849
39320
54858
12759
75431
16130
25253
40374
48435
86332
13156
49113
54205
54410
15639
16374
54424
77975
86337
56036
56222
72611
13616
45334
14138
25422
28436
28510
54531
74038
83612
24553
31826
61957
62044
75861
77660
37325
42740
50458
47384
56044
77872
46986
65724
48032
54610
77455
97112
14818
28455
29545
37810
64724
30810
24176
35988
54412
74342
75554
95951
12737
67877
78055
98558
65624
13734
17935
27920
30516
26347
10976
18812
76265
36321
49452
55332
24347
54026
58563
59041
81039
83236
12076
17813
65256
74735
76471
76671
39561
16141
17086
27865
42372
45684
48741
56443
75574
76693
87321
18826
24534
59858
73101
83871
12116
13797
46914
49774
52157
48770
53936
36879
43739
53503
58436
83833
96716
14504
18629
53923
56338
62262
65682
16124
24593
61483
86022
17238
98813
38369
42746
51024
42732
48737
57053
65789
96051
96056
49776
50161
50676
77837
97489
99402
56128
56455
64835
14024
48871
72821
81131
15928
16435
62865
87511
12093
31780
28683
48762
50554
50647
52623
55381
67031
76853
24375
48469
49645
49680
66440
23415
39481
54930
61001
63384
12185
12842
13843
14838
22949
37050
47260
96713
75852
26812
54212
74840
74854
27845
30522
43986
58577
61813
13808
51535
38661
44866
61937
12993
13775
31790
54888
60963
81063
17224
43145
13431
17017
23821
78959
51331
63349
15428
90742
97347
37828
56074
65722
83654
22740
28644
42039
56026
78024
12565
19951
24594
25082
46105
52132
13493
48733
51355
27016
42713
85172
27242
41086
44214
52203
54204
57793
70051
77561
82410
98847
14743
54838
56171
62612
61062
16878
17058
25260
13343
14481
27507
46115
81654
82082
99343
36343
45672
62009
69356
40003
51450
54529
55735
68649
27897
28623
54655
65337
42355
14477
30539
56354
71726
76878
28624
54428
68769
74101
15550
23065
28439
41265
76639
37059
53585
56336
85325
18219
37829
53806
59030
59632
61415
68955
12747
51443
83448
12155
22971
59436
61047
37361
49701
70749
75479
93920
96703
15521
15558
49656
65263
78954
23301
41043
47125
83851
12032
26681
12783
42049
49033
49689
50604
95039
22830
25442
41098
46182
51551
54631
59932
38582
40046
56178
56587
61913
73095
95962
99361
22511
25239
48731
83334
13620
29146
30336
54566
22454
40050
42337
56450
72532
12937
13731
14711
31527
37374
54512
59639
62999
80737
18832
23123
24460
88232
10596
56676
59749
60531
73067
79019
83629
47235
25286
49780
50456
51652
52316
98547
78039
83128
88426
21767
53579
65279
91905
13652
77613
85928
96028
23148
12060
18465
62544
62665
65023
89835
93206
17810
37391
42411
70040
24102
28766
51237
54433
62931
92086
31323
29471
55985
60948
61450
62932
73773
84645
24938
66050
93432
26055
44450
54545
78880
98565
24430
49675
62854
67022
31057
52553
53059
69165
72583
12957
23356
27926
31641
50135
87732
95449
26050
42729
44854
75127
83522
19944
44276
87062
15622
32044
46991
48472
49757
54554
65257
72626
21649
22576
27291
49061
49255
61087
64077
32139
41055
46524
56229
65626
27979
46171
52306
81130
18844
50006
61473
62351
26519
28421
45153
51640
66514
93252
41183
43534
87010
93626
12935
16112
45761
50466
54726
55089
66866
37360
26743
42716
56017
81423
97364
99173
16948
18435
29679
31058
43556
52248
74081
12515
36855
74028
88026
96719
44620
50475
53078
68031
72932
76626
13809
24931
74470
87574
97824
49905
68836
95468
15923
47990
61943
72863
77622
54469
83811
27022
40177
68791
98638
43760
48652
56315
74731
74865
12125
15936
18955
46776
51241
64492
76687
24918
40472
50210
65761
13839
15345
12974
53006
54175
54416
62983
66013
70631
97389
14591
72857
76935
25265
41046
54210
76472
97063
12057
35201
12548
13428
15376
16410
54624
78056
12430
31054
44099
22747
25070
62693
24579
31733
59645
65617
72675
56243
18415
39347
47023
49089
55951
58722
67074
81133
30446
59874
76641
96118
26283
28902
44859
49729
88135
49612
61369
13640
37023
77615
18503
30575
61051
62215
62988
24077
50061
54664
56449
62245
72167
72651
75558
78933
80454
14880
24951
52571
66856
97541
14889
28693
47385
50130
54471
55310
80731
27305
27849
46705
48878
50602
51035
60924
13755
14507
22488
60407
49129
60444
65739
81152
30410
42528
56475
58041
61818
22480
70080
99639
13433
29113
33514
73016
83822
26763
27957
31787
42649
55736
62933
68057
70036
76636
47470
17881
30619
72157
76264
42024
56634
75451
78650
97627
16045
48806
50641
61272
12058
17721
27981
44695
85624
23308
44826
49029
61006
72327
86444
14709
16877
47995
83836
44417
50076
35098
64146
65462
72087
77873
81324
13608
28017
28783
38067
51030
28758
28781
30545
59920
98843
12474
50070
54407
54541
55732
55748
75944
88301
15459
50028
50635
74852
50469
56266
96039
10922
32336
36262
48466
53543
56326
98605
98624
56009
56446
87510
26374
44032
12052
54557
82727
97040
29819
49654
50468
59014
10505
16720
36574
55312
42133
49636
74878
26591
47615
55795
61486
62530
68463
82730
17237
19474
41080
42076
62830
95664
12067
22663
35979
54138
54648
63648
73061
75487
95919
12431
13111
54227
66549
83804
92070
95374
99036
16443
16917
74364
76627
99110
12734
45003
47436
56330
62554
62974
29911
32083
38559
53079
97633
80864
54159
77577
77982
87535
27960
83250
30452
57001
76632
83615
23035
27935
37121
98923
14858
15533
43360
53137
23827
47281
61740
14571
17812
24314
24566
27986
45616
26559
59845
74072
89411
12980
16613
56037
56447
89003
22940
44638
48621
54979
61412
71945
81427
98850
51038
61031
68317
99161
33848
50020
51005
62520
65032
25202
28370
38587
45168
50236
50621
54489
54805
64748
99185
16853
27876
59925
88043
98858
29105
31022
32350
54638
74723
83213
83427
71933
56433
72459
27938
32445
50166
63091
72581
93518
14418
53510
24946
61854
76433
82214
97348
18333
21734
48445
56050
80926
83606
84751
13335
17214
27818
28009
43727
59412
65332
69143
13801
16851
27824
28646
47141
54766
61283
12070
15952
49459
61361
68771
71030
13302
15687
22969
23153
47163
53518
54475
59411
65590
66020
72842
79839
85637
96777
43533
47360
47451
52659
54104
54670
62560
83832
94060
16923
25625
29916
51358
52218
52540
61235
61602
68770
12932
12485
23169
62642
71960
80427
97885
25844
47431
72415
97135
13348
24471
43106
49126
67119
70358
72482
76630
50002
61375
61565
61741
62668
70645
18417
39825
60913
87514
15870
38337
45862
47030
62354
68715
74366
84055
99029
50543
52654
55710
62674
72824
95645
18818
52032
67870
78833
52041
53057
56183
70353
23027
47166
49745
60921
77419
81235
14533
28627
38565
93441
11770
12029
15225
29821
45363
50122
52141
65047
18216
47940
52223
27884
55775
62573
83434
86329
48745
50682
62982
74471
81624
87942
99159
14804
30678
52237
79343
12464
15673
16411
25831
30746
45681
47637
64401
99674
18636
21821
24072
29081
42170
42436
50568
55797
61330
83839
14055
32622
37348
44082
56282
62086
72685
89043
97388
43320
61322
61370
77369
97641
28006
45146
61377
64761
74553
75102
12166
21640
23418
29816
38575
76679
93040
97813
48401
25871
48662
54864
82053
87829
16740
45148
59487
16050
56576
76454
93243
34760
61368
76432
79250
12592
13026
27915
51561
56244
42286
46531
54546
85334
43767
50046
63359
85940
31796
52216
56223
89440
36026
43720
49679
53577
56028
66770
68301
97419
99101
56115
12959
44093
53157
60550
13796
56332
13807
13835
14802
14869
27014
47649
54977
26801
27568
36269
47264
54721
57026
18425
29743
59824
89442
56469
57020
78058
96087
47992
60911
75959
95548
12568
14803
19374
48832
59820
61841
64867
65591
47177
51638
56653
61379
10969
32190
61329
12941
26448
43116
54921
76653
80650
24350
28527
39572
39643
42259
44404
48889
78672
88049
12929
24597
63036
78615
99115
23347
24966
29843
42036
53924
97130
99330
11548
12917
25446
46794
72845
98849
14728
18354
18821
32423
70740
75476
92273
52142
61870
76453
54733
13402
26337
17505
52345
55324
61865
66781
67570
88065
99157
48761
58051
79313
24439
43347
46985
61480
72044
83452
89008
31307
44418
48760
54922
63332
65662
66860
72111
73459
83631
99119
16657
62277
79508
80930
12768
76486
81151
12751
50056
54463
14008
17229
43540
49288
49958
51454
66531
67487
78884
83823
12847
49625
54965
97375
12087
46156
47393
55030
57018
65692
13630
47135
55385
56382
62366
15477
46785
65239
74570
75667
79092
83443
91963
96044
97054
15049
18370
59027
61421
97137
97438
17985
31018
78719
33585
34739
45333
45881
51653
97014
61465
62324
24076
56440
85610
43136
44235
54723
55314
55924
85617
86438
13615
24530
37313
56309
68824
75471
85606
13315
54626
68930
13028
20658
42207
45034
54213
54651
56144
64866
74824
76670
76690
83810
97118
17099
53804
57070
62094
72122
96023
23829
23964
61353
62661
66871
16930
23128
23306
26440
27946
35572
40152
51101
52572
65771
22810
26815
54628
72938
81424
27973
31025
42533
43549
49227
53911
62972
99360
16874
58042
64841
78623
18831
49623
73430
14054
28302
53826
54748
61234
66835
67001
74425
75449
25124
29845
30660
12746
31829
48454
53803
54762
61327
93653
94586
47949
49262
56180
57075
75853
23959
50251
54659
54962
59930
83246
95410
10919
50249
65680
80547
16360
24352
43343
72045
22834
28519
47989
61428
13322
16935
34762
40442
46346
61230
62022
62539
19501
26447
36871
98593
14860
31764
46760
61319
76652
85620
12997
26678
59070
78953
80137
87830
89020
95456
12130
32430
46764
53046
54749
57077
57385
99138
99180
19437
48614
53587
61038
22125
42159
42368
59855
67120
96062
18453
24147
30172
35755
41083
27929
36559
48749
55722
77456
80819
52533
55704
67422
80836
13144
27966
52201
75420
85920
97869
13368
35972
45889
52146
53926
83813
13750
54102
98276
19964
25971
62987
29929
50668
57017
83552
96069
97344
19503
47038
97834
15927
24941
56318
62545
97820
13780
33438
49102
89402
94528
24925
33851
46730
49876
61569
64088
92268
15675
17352
21733
49880
52070
54408
61942
62621
65567
18087
23442
23878
52320
80105
89018
32427
41045
45678
49895
56252
75488
83251
83535
23942
24613
28363
49716
50660
52351
57234
61814
12913
13334
23055
24565
25243
26802
65046
12989
26234
47837
54527
54632
83537
87520
12719
54611
58761
95227
20143
56678
79097
96047
15924
16020
25969
52315
54761
68523
74826
12028
12956
53940
55753
56339
73027
98846
15331
38361
40075
54480
83553
11972
22715
50139
81141
98617
14841
29686
37369
47456
66755
75411
76239
76518
76673
61413
81091
17228
17758
48720
95681
97324
99171
13684
23874
45867
47386
85362
17064
44251
62875
65534
74340
49619
64859
97632
99118
56437
67464
13788
14805
14822
42339
51461
54420
54772
56285
62957
75489
74574
95528
96120
12785
20693
37723
49827
10501
13757
37691
38473
49613
50510
55708
56142
56176
18056
47354
49642
51053
53550
63071
93461
98358
50632
61367
80821
84052
84724
94970
98649
13061
75447
76475
83025
94514
13328
64733
75437
99031
20692
38454
48766
49912
79358
85001
17581
37366
75435
89025
95629
12136
13303
43843
46301
48727
56579
64861
83549
23011
31066
49922
54418
72832
84307
20617
31625
33001
38554
40104
53506
61884
74083
99013
99170
13157
97536
18059
18923
40310
43356
45382
61014
64448
65759
96024
44855
54835
61733
65764
95701
17021
24578
58785
61770
62912
65463
68924
70397
94933
17765
32330
54454
57035
62017
99121
28556
49724
61560
67416
87006
13752
13810
24366
38579
44804
81020
83541
83803
98639
12153
13081
24185
53522
62063
88124
14037
14815
28725
38673
51027
83262
10535
12985
21636
23004
29368
45898
54763
77367
95914
27974
49847
54750
72773
76484
96776
13635
13744
23303
46340
53569
54465
56010
59866
80478
97037
12786
17508
47980
56253
57376
58059
58433
66753
82223
83524
95225
13739
24981
69025
55338
73766
26717
67831
31071
47921
53582
54488
12469
24473
27936
62214
98279
22738
31568
62074
79012
84767
99714
38486
46374
49818
53808
57276
63352
11430
16854
26808
32530
47955
50105
68956
23106
23967
65637
76622
96113
14717
19375
23405
37171
52362
59919
61742
62919
77476
49638
50230
59754
74936
77624
83234
13690
25843
80815
54427
74062
87540
21778
37326
49963
61052
66546
74531
75438
92368
96109
20144
54895
55726
62533
64484
85231
31735
35647
46348
47147
47968
52530
63653
68933
88325
14729
22627
42035
46987
54137
56580
57002
72537
80420
97865
10517
13464
23138
45317
55781
82325
22714
44454
97823
98943
76455
83444
87582
88339
12175
52346
56068
65470
73432
15692
33960
99139
13782
47833
54836
67451
12732
18327
19967
62810
66872
68418
78057
79848
92275
51573
54964
56219
60959
83237
42054
52202
56016
74944
29037
50069
50106
55925
62031
75468
81149
98650
14836
89001
12503
12960
32461
47930
56585
68349
72047
15083
43337
57055
36029
61844
63087
81233
18352
47020
49836
50625
53943
54003
55919
62219
95306
16826
23968
66507
66865
93526
30148
51338
76101
17886
18427
23413
49915
37731
54621
83624
83868
85632
13693
25981
49725
66097
66756
88041
12861
20896
57048
13813
64739
96104
15358
46365
50149
52165
74027
83327
27943
66938
74552
75439
85611
98336
98651
28663
66072
74428
78161
87821
22432
23857
25270
56524
67344
80927
10597
16160
16820
17855
18356
22716
28042
56575
60935
67035
74350
80928
81025
93517
17518
47427
47926
63039
88027
97436
12763
21153
23839
47120
47280
53554
97543
41034
46180
47036
51557
67342
77585
16640
20611
27953
43319
56021
61349
62253
67441
81433
81630
99030
12406
23395
52585
54932
55724
56662
64163
12765
26855
29469
29941
31085
31711
49762
95937
30250
37019
37753
45001
61447
62956
97326
98582
16136
22847
40145
48456
49820
54653
26866
56228
66060
74741
21659
49718
56661
60072
72544
16868
17037
61729
62021
85320
86018
49303
53801
75550
36255
52249
52561
81058
25979
59853
67149
80623
84746
87527
12160
73090
13360
14769
50482
53922
56357
72565
74546
16938
27314
27968
28727
48885
50163
56343
66080
92059
21779
49816
74756
84620
98644
15018
20645
29377
50055
61441
83344
95656
97345
20608
49894
51542
54652
56027
62915
12473
14069
36205
82433
82442
97020
13802
16440
26270
26520
61325
85640
96096
99033
48845
60960
65059
80648
93668
95543
36052
48754
49743
74831
12190
17550
29145
38548
50142
50257
61774
87023
92282
18331
19436
22831
28775
49052
50229
50535
53541
56019
73567
12434
62244
97833
26292
30562
37340
49934
83255
83846
97377
97410
18471
30177
54854
62985
85554
85601
99130
12150
37016
42123
54820
12457
22935
63388
80624
83286
87418
13325
25266
34498
40022
49744
51553
55757
64873
66423
69123
75477
84046
21914
81210
84071
26845
27947
50150
52160
56279
80835
95424
99012
12760
13665
14842
51639
82523
97416
97466
17030
28039
32664
49760
49796
55953
60918
72460
13337
52135
62625
66854
72769
80728
85264
97486
98555
12151
12421
50606
52574
54006
97812
28611
81525
98572
52235
68409
98925
12749
15921
38370
53937
59832
80428
12936
22654
28101
34140
45321
61437
76872
33854
62051
98603
10578
12733
51533
76649
12494
12791
18920
26755
54530
55367
55935
72717
87412
96764
14777
31550
49705
74442
93962
95254
12585
14126
39457
72025
89007
48437
54526
83830
12860
31309
37057
54826
84028
93504
13454
23915
31823
66095
12480
15411
38567
54560
59479
62634
81123
98585
24459
63626
74641
77457
82327
12873
18970
20690
54850
61041
62046
12837
13756
18451
49861
50118
59086
22709
28749
29677
46104
49736
72531
93529
97450
97534
26372
42232
54828
59918
61442
95935
97434
28631
43456
56260
60951
61863
98940
99167
12412
18829
26257
50258
51646
61771
75132
98396
45330
56386
81143
10931
12777
27942
43153
83325
12022
12945
13470
22436
24292
52337
54490
21913
23436
62058
65754
77978
44815
56225
63333
72628
97346
18070
23050
26852
56138
57241
64018
72854
96058
97447
12156
48765
16942
48139
64842
32410
72661
77597
81242
23022
49831
54734
62536
92258
10988
12942
17035
18912
43345
46791
50168
59485
60961
62885
72835
78663
91934
23846
61015
72851
87530
87832
88022
24715
33521
61929
74939
80455
94567
95549
82923
13776
49806
62905
43333
56327
83523
97867
97876
67004
95526
18963
31649
53961
56045
12177
12950
48143
50075
52330
97481
12405
59936
65790
66042
68034
75838
76377
77582
24483
62028
81092
15629
18830
30667
58740
62053
62969
97429
37078
68421
84633
96048
17088
19979
28707
59018
62054
67009
68527
95043
24437
28702
56051
56548
67466
12878
15655
38076
49710
50452
52569
57015
81643
82639
84782
98050
11765
23177
59934
22720
40510
61039
93255
12108
20868
22437
43438
47568
47981
59029
60929
74869
12762
20758
25259
37028
50151
53544
74572
78351
84783
92378
99126
99341
18851
49891
50167
54550
55703
83013
83431
83840
88341
18083
21664
26273
37359
41085
54855
72623
80832
83554
12808
26294
54211
93452
96106
97870
17936
62423
77538
83118
83314
85352
95224
12838
19490
50246
78005
93254
22639
42323
44068
68455
98220
27923
46915
62036
64752
81062
38578
65733
83217
99113
18351
94946
97901
38564
50278
56052
66033
80474
24599
43084
71935
82213
84628
95075
97149
18063
21872
56349
59648
66079
82420
93932
95248
14173
17097
21622
28511
40358
50214
84006
54493
61872
64632
27917
28667
49618
63014
72629
95251
97432
48633
72770
75784
12045
16921
17760
28528
54441
59826
59913
65069
67118
72682
15054
54746
13473
13740
28452
32182
49791
54563
62891
15324
18030
22726
34250
61334
72742
81077
12419
24323
49839
74103
95979
38543
53816
61320
84635
98542
23894
40856
59844
64830
12063
23076
47967
80860
95007
97830
22718
49768
50471
98280
12418
18625
38327
49261
59720
78066
80436
85336
98535
12147
20618
40077
40348
49967
87575
13664
23176
24139
40178
83451
54542
73434
83320
10914
38333
49925
73063
83546
84722
87056
14878
27941
54731
96728
12810
15482
27826
32658
36529
49722
56289
60553
61882
68768
93531
97639
13331
15676
17303
28708
56121
64074
66526
85322
10527
63073
83115
88039
90743
96084
97910
22579
57016
18949
28668
37305
48476
60109
65756
76854
56657
62848
63637
80451
12863
27840
43983
54232
56683
73560
94963
15547
17306
55798
81146
12857
61278
83872
19936
46039
48619
61840
83821
97907
99129
53537
61516
65720
14754
56448
64723
35112
55090
76077
79350
86431
97522
12046
18439
21766
22535
40010
84053
92259
98243
45354
54125
54559
59069
74833
83287
94592
99153
55017
74060
97622
13832
24957
26722
38352
56145
72458
74452
83525
96006
97390
12930
16943
21612
76832
83841
12843
21723
29838
38475
60910
80483
80833
86331
97461
99134
12165
12969
55763
59433
87551
12852
48705
62282
15539
66039
15421
19730
27964
54769
66026
74472
84714
92327
12120
47994
49667
49815
61318
80438
23422
32692
50653
56311
81327
91759
13406
21864
24934
87722
23092
53920
56132
80611
85932
12792
18443
27916
56669
60549
65629
88054
12436
49948
86342
98323
20765
24944
44045
72639
74430
81040
83604
59212
12787
56090
62947
72776
97493
25247
48853
88072
18913
23887
52326
61485
81422
98355
29375
43323
78661
87083
95983
99663
12433
17567
24580
60479
78598
98581
95459
97122
20129
22943
56080
85605
18081
47965
54103
99158
12124
14808
66424
89413
93541
99008
56216
81656
14736
81430
18932
48724
49884
60530
60949
65627
68938
74367
12017
24924
27965
49115
81655
98814
50234
54867
60962
80432
93665
98305
12844
55603
62093
86015
21679
32355
66010
85934
95257
98533
99117
19536
28616
50062
61335
85912
97737
18462
75164
77368
84324
84711
96128
12489
24270
56639
72660
81121
86445
62689
12435
28579
48721
89828
18320
18950
23845
72624
23359
54515
72668
74720
53526
62045
79842
82832
83462
97492
18962
23357
37765
72739
73548
49833
64848
89430
97117
13123
40070
56239
70650
83555
12943
13064
13410
13437
26865
49808
49871
95941
97147
21865
23480
32631
55752
68413
81220
82212
83261
85333
21634
23307
24105
83112
55782
59910
73557
17731
24011
28553
60537
79852
12742
19492
49752
49910
56116
85927
92266
98530
99125
82055
12841
59028
14082
17507
26291
26714
29658
59914
60113
71279
82334
83428
83627
12444
18927
23070
54119
54537
55712
67016
72737
83239
26263
26810
99032
54513
78027
83809
97451
13804
20629
24562
54462
83466
92385
96105
98538
23115
47708
21762
38459
52638
54927
85237
95450
13842
16027
22972
38365
49838
54846
97412
97638
43157
53812
15081
49282
56035
72735
84637
98283
18342
23354
23440
76070
99572
21840
64722
80652
84779
97841
98571
12483
12998
37151
83650
88350
21056
23066
29074
49116
54485
97856
43018
54967
65620
78340
80612
86338
96710
55702
56060
61317
61724
10933
16859
32648
48728
49434
57759
63041
12752
15677
45859
61722
61737
66754
76631
84760
97531
99137
20184
21610
26161
65614
81253
84742
95233
97108
17261
24476
38347
65788
78828
97343
29656
59643
96090
61830
97621
37351
54214
99034
93207
50074
59931
61816
78838
98623
98628
23899
30756
83120
93641
95443
96770
97109
13494
20615
23423
59871
68328
84758
98263
12724
49927
60029
61862
82925
62248
98256
49955
83449
83825
50154
89418
95936
96751
14060
17779
59827
98381
10975
12743
19955
24485
54737
68016
12429
47110
55609
56078
83867
92060
99179
83670
83848
99150
23180
49320
95675
45032
53088
94929
12453
12492
45158
84729
12459
56681
87419
88318
98583
38569
49886
96780
12416
12766
21676
52158
59710
15064
81244
82329
98613
13786
24927
47114
49674
97877
13651
27582
38552
80453
80546
83271
14742
47925
73531
82083
93669
11243
22736
42156
46376
55764
56458
65630
12970
17768
27985
53016
59008
96015
56091
67053
72950
85923
87548
95981
96124
18934
95637
67223
81222
12420
12452
23398
59721
82922
85360
96121
12424
20687
21814
56118
56174
59762
96046
12975
22719
22924
23079
44232
49962
54844
97143
22524
97730
13138
49903
54827
19470
59061
81332
97750
17371
23401
52555
66014
98647
12132
72640
93260
95140
12427
17342
28577
59739
93549
98616
12720
15004
73058
86038
92066
17534
23414
28520
59065
61845
84739
12438
12851
12856
22517
28524
49881
83454
12465
13435
55717
59052
83111
84330
98859
19477
22507
25431
81331
23119
46111
57779
44838
80101
93645
97430
97484
13846
14475
38359
46102
89161
12422
17776
21647
84038
99694
10953
12407
49793
87578
59837
98288
20606
47853
49825
54120
12541
54839
56641
83414
59856
12976
55366
55602
98522
28735
59915
12454
18626
22946
59755
88336
45360
76005
81221
83421
56173
78879
80476
12082
14614
54657
64743
21672
55725
81640
83126
98562
41052
53969
16876
61810
22640
27956
59761
14874
20130
45307
49458
58795
95420
12819
31319
97480
97635
59735
75450
77443
78883
80929
16370
17943
28647
97490
12410
49312
54931
88314
12770
20862
49775
12738
23427
81320
93634
97342
97825
12855
23068
54760
54862
83632
97145
97369
21665
21765
53931
59843
64857
22976
81649
95417
95925
96773
19549
98330
54948
83227
83547
32323
83218
18242
28629
83272
98164
12194
48440
49834
12131
97102
97864
76429
61316
18437
82620
83122
95488
99401
23163
70837
81128
84061
97873
46379
55601
55607
81251
12769
12973
18602
30665
18086
59928
98834
99147
12886
12987
53056
59748
80475
53031
58001
21652
99102
49929
49960
60536
96125
97336
98833
28581
59071
14893
18463
22433
22530
49873
96063
54536
18357
49918
67227
13472
49822
59747
80468
43030
21824
24464
49919
95956
13426
23064
54561
96801
18459
26209
12750
23389
23426
38589
49961
96774
99151
29744
84719
12736
54517
54857
88338
61539
81434
93623
95715
96129
17231
27978
50231
95720
97350
14887
43446
88351
12041
49717
95735
13345
59751
97884
83827
96071
18460
83438
49883
54890
83233
83808
21867
49027
49863
78829
99131
80463
88324
18455
24415
49852
27972
95646
25088
18349
48874
54458
59929
59830
93512
83424
59746
23130
95699
22442
13401
77617
79330
45361
89426
50152
49819
59465
17723
24442
56046
27982
40376
98224
97909
43047
89422
33867
95375
54565
49281
83671
84027
70801
96108
95724
84753
22523
23173
28201
37733
38152
49416
49792
49826
72630
81523
85218
86343
89595
92326
93519
96126
97134
98068
98205
85293
62863
69337
33845
13658
14747
13654
30456
14422
14058
12910
74951
13660
13694
14550
14013
14167
14894
14145
13158
14143
26610
14480
13318
13319
13680
13122
14091
13485
14066
13147
14744
12934
13071
12456
14026
12952
14536
13355
13621
14113
12849
12923
13310
13141
12411
14462
12965
12884
13863
12955
12978
14539
12821
14027
14463
14479
14545
16430
13362
48607
93616
93606
29598
32163
68358
95064
91210
13469
28307
92617
96151
92329
96158
92658
34143
93258
92283
33568
22134
50533
32542
98507
25514
30905
50525
15728
91980
95560
43910
44624
51246
92652
27844
36850
24216
72331
45883
68620
26206
62449
99357
30031
29484
85327
98509
50144
28523
95416
85272
20118
92690
43942
56762
45832
12207
36069
56750
20604
32644
29587
43804
15759
32178
95968
15954
56131
15486
15458
30086
90809
62451
44836
90058
29593
52159
92711
48106
49092
33595
69336
52043
49204
43977
15469
36036
95960
29641
92654
73762
30085
15942
35610
29731
15958
89105
74637
43217
16259
14203
30515
43716
32332
29606
92281
29822
51034
43837
33840
34988
43933
29938
15480
15747
33575
36758
93261
18615
95444
20188
32572
16034
44611
15329
74450
92702
29716
19903
30359
50424
32147
93249
95551
30049
98938
68642
98952
15765
33846
14861
16133
68047
95736
17878
29834
52042
68017
25039
27515
55751
95415
60460
13054
73014
95353
29828
35035
93925
68065
95547
45696
98345
25035
43971
33550
13321
95612
14864
14726
52049
95313
97204
14898
95466
14129
68428
29602
30264
15311
43432
13477
45160
61259
44625
68430
44702
29608
68520
74050
61239
80544
14102
52640
15076
98933
32412
68339
20624
43840
98385
40209
95323
74052
95635
14740
86032
32426
62090
13864
20880
14859
55713
73066
95439
95553
93266
12967
19442
43451
29333
43747
12482
68402
93227
95017
16872
43445
74423
14784
25067
29133
15060
26750
93239
15347
61279
35219
94548
62255
29633
35176
52341
52658
44699
55065
43504
44682
93666
33757
95387
19456
29320
43109
15620
95369
61526
68366
85545
90051
43930
25156
55018
95686
15363
29051
53187
68423
43932
92678
15698
52035
15671
95303
13672
16040
12914
19009
93608
44802
95668
53008
93673
14720
14748
14897
96038
55339
55765
13681
13486
14825
45841
95651
95674
96729
97371
68404
21082
13072
95253
18085
95659
48807
95615
74422
44490
32681
10519
16845
36513
94938
13777
14855
15688
13682
15623
43511
91917
95317
72053
33877
96089
74031
10982
14885
15684
93201
95957
95041
92267
52650
36568
95230
98235
99321
32777
33858
48841
56369
56375
12172
15696
20628
93652
18241
15350
21529
38392
95922
15377
96059
15678
25075
29839
34661
93621
95697
98344
14839
16829
18936
15661
21538
14819
14824
32007
44653
61875
94922
21628
95471
14872
15634
68461
92239
15628
19481
28077
14846
52156
14902
72164
32437
13861
20667
12439
13313
95556
15088
15611
63373
21524
33835
49066
44210
10540
29667
98556
14816
34141
63386
93244
13687
14820
95830
95435
13361
52305
73073
15663
20701
45890
13163
15078
14511
19017
15368
95613
17072
15031
96065
73097
94557
95625
13468
45868
25162
10587
17093
55738
94964
15483
17318
21717
96050
15051
95554
21714
45820
15624
52047
15641
45062
44689
17266
29434
35060
43940
61721
12064
99023
28108
12470
29346
95432
19710
21829
19421
75101
95585
12517
95537
12042
13659
27879
33820
45688
80541
94971
92309
96033
19545
80024
21677
25112
20812
72061
50277
55026
80025
95558
95714
95427
13314
72072
14877
63140
89004
21835
27201
98946
18980
37152
68336
93450
17317
68368
15432
20626
96037
44274
72945
29373
73056
89428
95555
20656
68532
96075
13115
20686
21052
53557
15619
98134
15612
19457
43934
50146
80729
21607
93224
21071
15647
95232
22643
72181
95430
50032
61851
62289
95564
13162
14056
29703
45041
95419
98293
15038
12725
18079
85531
76041
43126
45384
14592
20630
33503
12008
96078
68517
15674
20632
27010
98824
18065
43029
85609
96086
21156
13638
14714
15348
18928
45372
96016
18943
25134
35187
36013
43033
44671
72180
85347
15313
21150
44080
52646
10985
12854
13670
14585
19559
95511
12741
15007
44619
14881
15006
19733
22438
50007
12169
18035
19732
15695
18234
19736
21669
21920
52644
94516
19358
20131
43565
89412
30275
89039
32639
43468
45349
52072
45111
45378
50039
17576
15082
19550
21106
55085
14752
33847
38036
43437
55711
13103
50128
96034
19367
52048
52077
95653
98560
95717
98544
99014
17027
13488
14134
15662
18221
45228
95676
20838
53571
12460
19316
22538
93226
15047
19435
45033
95312
95639
21051
95601
97473
19319
45854
93603
13450
61451
15638
27827
29331
80622
45808
85343
95978
19980
61871
21930
75097
15646
29324
43547
43905
44697
55150
28342
30289
61815
12036
13632
16427
97335
17311
80649
95568
13352
15429
15434
55758
75157
14061
15412
15640
13457
13641
14486
18256
40025
15615
63030
89409
93628
95571
12450
18225
20139
32061
43759
96011
97414
98860
99335
53127
74463
80425
95930
61562
25160
29338
15685
94074
95607
17323
43010
49335
56376
91948
15680
18046
44659
61552
14721
15635
20612
56356
14785
20660
27202
44636
45301
50243
76623
97441
13636
15020
21130
45147
60111
13087
21523
35137
75485
95837
96076
12784
14453
18921
21916
37071
48411
63365
94940
12745
15693
44670
12823
14774
43036
50038
53064
13696
14135
15053
43740
43928
50066
72083
96014
96040
14732
18946
43951
95972
13117
13483
15072
15691
43408
98255
99018
21077
44049
18239
43985
48177
52660
60147
80742
85654
13834
21543
44678
95412
98539
13784
14169
14542
36550
43073
43463
15660
20627
45816
80830
60129
68419
12161
12176
13633
14547
15616
18933
62059
76490
94569
35119
48366
95309
96017
61852
95486
13113
14856
43458
13859
19544
45819
96092
99020
13639
21648
72183
12811
15086
35185
93287
93954
15689
52344
93528
93251
21720
22741
45888
93208
21718
81646
15075
20839
14461
44088
45316
93218
15366
43902
96074
99135
14756
18223
21641
43077
43433
56335
97144
15379
32133
56325
15625
21624
94021
95493
12115
94950
49314
53047
61079
81522
93605
13301
44493
13418
34729
12007
19961
21653
61236
97384
14708
45809
95680
43467
96031
15361
17355
21721
32654
49263
43721
93276
43529
68438
13342
15378
18246
43032
54985
22729
48816
13475
15365
18956
20138
52219
95974
97125
21626
43909
80511
44033
62256
19731
63047
92318
15336
38046
93554
97427
99039
21675
12024
18957
86411
43439
49430
72749
12862
12924
14557
45070
63145
43027
13154
13341
19052
21790
33863
43434
93563
14107
14112
21522
43007
97329
12507
18922
44650
44665
49289
80448
25322
43541
43962
56371
43414
74458
80131
21862
68514
14766
19538
44453
96757
98950
45897
45870
80423
18601
48190
13826
14029
95429
12933
21644
36512
45112
55796
93558
49311
62279
16864
43967
55791
21540
55010
13415
21528
13333
29850
12922
55766
74117
48833
95226
20661
95986
43927
98421
97010
85273
44816
25321
43972
95229
21670
53099
53706
54980
95141
12911
48109
14558
21627
61237
35139
19482
10048
12727
14038
15339
18341
19716
20052
20635
21542
21715
21781
21852
29914
36008
37119
38010
43602
48110
48175
54934
55450
63001
85235
85369
89155
91931
93429
98504
74727
28442
46763
22650
54756
60474
41522
41514
86021
12183
95524
29547
69033
41222
16646
72562
68713
14782
25515
16342
81073
30441
15722
60958
13697
71941
72376
43903
16340
17876
30816
45634
68784
25635
74563
68718
72568
15955
25507
62424
26060
14767
72419
56110
15940
71834
45860
68638
31781
43915
69022
44455
85192
13661
25181
16317
30823
68640
15772
68745
68420
73768
15849
56136
70031
56152
68939
37729
15725
55910
43435
25209
56738
73552
31097
72479
73009
56149
15464
73724
68922
73547
26425
68765
42733
14723
95955
14753
68629
43115
62816
43524
31035
68733
73663
56181
56556
73754
80810
25502
73655
12092
56137
37710
25081
55941
68641
73565
62567
68015
61490
73832
73664
68633
56293
73620
45863
68825
26705
68786
68863
68343
29166
61467
52039
55969
56757
95345
62872
32402
72436
25009
56385
68864
68456
73481
25262
52053
43442
97826
73843
12187
56119
61261
95563
56039
15856
25208
42458
56240
62894
61489
62477
43802
72055
56723
55990
12035
68643
73654
68961
50634
56742
68331
25503
56151
29065
56083
68041
68872
52746
80653
62628
25529
61414
52065
68029
68354
61430
61458
68628
68831
15451
73004
62547
68020
15470
56230
68843
52078
73528
68030
80705
50667
56129
17016
61262
68653
15410
56029
68663
97810
43535
50435
61876
68424
45340
56042
97065
68935
25049
43548
60952
56167
56169
56157
73024
68827
61811
72413
72421
68050
68647
61545
73729
73537
73842
53553
45894
52745
56281
22623
73931
37333
56123
68335
68342
45389
73726
56292
68722
68019
26343
56122
68322
43407
43735
62695
68648
15631
56536
68669
80825
12820
56255
56590
14130
37848
12089
97880
55087
21667
97835
22732
56546
14039
12964
95910
71749
74740
95924
26180
85292
71675
29481
74880
45735
68970
43210
73834
45766
74766
29446
45729
27843
73626
18631
73002
45719
85626
29378
29031
73734
69034
74867
35975
73092
80741
68865
73647
28038
74533
72060
29355
27555
86556
68070
73641
52079
44841
68644
74748
72156
85135
19554
74651
13489
96009
73532
73564
45716
29329
72068
73840
95527
75121
95552
73771
74643
80733
52750
45673
73660
13136
45835
29175
95939
95913
73661
29683
43101
46377
14441
55756
56034
56552
95950
15617
96117
73739
80750
80726
85191
95934
73549
95494
18622
53935
73758
45319
73756
97357
43151
56519
72747
54933
95923
45164
85141
52758
17069
73539
98536
96010
63061
21650
15028
46393
96133
81642
96135
95325
98811
93633
96111
68042
93237
74360
73184
